Open,High,Low,Close,Volume,Dividends,Stock Splits,Moving_Average,RSI,EMA_12,EMA_26,MACD,Signal_Line
206.902617394007,219.7037025197263,206.43367547843766,212.58978271484375,198134300,0.0,0.0,,,212.58978271484375,212.58978271484375,0.0,0.0
214.25601418934664,216.2614784743462,211.12309188063193,213.75714111328125,97862700,0.0,0.0,,,212.76937631460336,212.6762537073206,0.09312260728276556,0.018624521456553113
213.36801320894725,214.68503016669274,210.8237575657328,212.01107788085938,70122700,0.0,0.0,,,212.65271501710427,212.62698142387902,0.02573359322525448,0.020046335810293386
212.88909055319678,218.45651588142053,212.2405616472853,216.18165588378906,93728300,0.0,0.0,,,213.19562899659422,212.8902906431316,0.3053383534626164,0.07710473934075798
217.09957203800778,218.13723651623954,212.5199210550432,213.8070068359375,79943300,0.0,0.0,213.6693328857422,,213.28968712572396,212.95819554630242,0.33149157942153806,0.127982107356914
213.44781843702847,213.75713252024897,208.3792815854295,209.2073974609375,86172500,0.0,0.0,212.99285583496095,,212.66164256191064,212.6803586510902,-0.01871608917954859,0.09864246804962148
209.91581187096148,211.41243109582913,206.64320571720273,207.02235412597656,246421400,0.0,0.0,211.6458984375,,211.7940597256131,212.2612472047855,-0.4671874791723951,-0.01452352139478183
207.25183162238307,212.22060318958276,206.1243736003879,207.67088317871094,80727000,0.0,0.0,210.77785949707032,,211.15972487224352,211.92122023989106,-0.7614953676475409,-0.16391789064533366
208.67859169129048,210.90357646615678,208.13981549353107,208.59878540039062,56713900,0.0,0.0,209.26128540039062,,210.76573418426614,211.6751139554836,-0.9093797712174592,-0.31301026675975874
211.0233076661301,214.37573529051122,210.16524538059215,212.7693634033203,66213200,0.0,0.0,209.0537567138672,,211.0739848333514,211.7561694701382,-0.6821846367867863,-0.3868451407651643
214.2061287476001,215.25376527623442,211.8714063519454,213.61746215820312,49772700,0.0,0.0,209.9357696533203,,211.46528903717473,211.89404300258744,-0.42875396541271016,-0.3952269056946735
215.28368048569334,215.58300736088682,209.8260080950157,210.14527893066406,82542700,0.0,0.0,210.56035461425782,,211.26221055925,211.76450492318568,-0.5022943639356754,-0.41664039734287395
211.61197396968475,217.01975619065925,211.4423589537816,216.261474609375,60402900,0.0,0.0,212.27847290039062,,212.03132810542309,212.09761378882934,-0.06628568340624952,-0.34656945455554905
215.66281990345283,219.88329699479613,214.61519864650157,219.77354431152344,58046200,0.0,0.0,214.5134246826172,59.99442106679902,213.22243829097698,212.66620123495483,0.5562370560221552,-0.16600815244000822
219.50414962607874,221.0506591796875,218.53633465750286,221.0506591796875,37369800,0.0,0.0,216.16968383789063,61.367264920749854,214.42677996616322,213.28727219382392,1.1395077723393001,0.09509503251585347
221.15041758535088,225.93960192344272,221.15041758535088,225.82984924316406,60412400,0.0,0.0,218.6121612548828,64.78490976723396,216.18109831647106,214.21635197525652,1.9647463412145498,0.46902529425559275
226.57816816685514,227.33646497984205,222.74682662809306,227.30653381347656,59085900,0.0,0.0,222.0444122314453,68.85607687176665,217.89270377754883,215.18599507438392,2.7067087031649066,0.9165619760374556
227.41627168952732,228.8829597417087,225.85979013808537,228.16458129882812,48076100,0.0,0.0,224.42503356933594,66.0862362025886,219.47299262697643,216.14737183175015,3.3256207952262855,1.3983737398752216
228.78319647541346,232.55467572482934,228.73330612276442,232.45489501953125,62627700,0.0,0.0,226.9613037109375,73.8089189446139,221.47020837967716,217.35533651232655,4.114871867350615,1.9416733653703004
230.86848076037649,231.86622690917008,225.26115227596378,227.05709838867188,64710600,0.0,0.0,228.16259155273437,72.33460185229735,222.3297299195225,218.07398554020398,4.255744379318514,2.4044875681599436
228.40404188598967,232.11565870158282,228.1645773343909,230.0203857421875,53046500,0.0,0.0,229.00069885253907,78.22676187961292,223.51290773839403,218.95890407368424,4.554003664709796,2.834390787469914
235.94700263838575,236.69531224247876,232.5646438368613,233.87168884277344,62631300,0.0,0.0,230.31372985839843,79.81377934244586,225.10656636983703,220.06355479732048,5.043011572516548,3.2761149444792412
234.47032795283747,235.73746973269033,231.8063477557903,234.29074096679688,43234300,0.0,0.0,231.5389617919922,79.57727675475363,226.51951630783083,221.11742043950392,5.40209586832691,3.7013111292487753
228.9328431112231,230.93832254659503,226.12917896312734,228.3641357421875,57345900,0.0,0.0,230.72080993652344,67.25545740125486,226.80330391311648,221.65421416562862,5.149089747487864,3.990866852896593
229.76098610155705,229.92062914212065,221.7690447852705,223.6747283935547,66034600,0.0,0.0,230.0443359375,60.25639389751153,226.32198460241466,221.80388188621572,4.518102716198939,4.096314025557062
224.31328836166992,226.28882140195597,222.77675082247163,223.80442810058594,49151500,0.0,0.0,228.8011444091797,64.94869290825241,225.93466821751792,221.95207049468758,3.9825977228303486,4.073570765011719
226.4983442399413,227.26661302541467,222.58718122432802,223.45523071289062,48201800,0.0,0.0,226.7178527832031,59.01026763428538,225.55321629372912,222.06341569603595,3.4898005976931756,3.9568167315480105
223.86429647317826,226.42851135969482,222.1781030613285,224.5028533935547,39960300,0.0,0.0,224.7602752685547,56.31326710859943,225.39162200139458,222.24411478474104,3.147507216653537,3.794954828569116
223.49514031921132,224.29334029380243,216.64062905712152,218.0474395751953,61777600,0.0,0.0,222.69693603515626,46.47787412979857,224.2617477819793,221.93324995440435,2.3284978275749495,3.501663428370283
218.4365585703147,220.35224458682225,214.13627507494223,216.99981689453125,51391200,0.0,0.0,221.36195373535156,38.650943229711096,223.14452764544882,221.56781046848783,1.5767171769609831,3.116674178088423
218.20707238174316,218.99530033853074,215.52313289555326,217.46875,41601300,0.0,0.0,220.09481811523438,37.01944197587138,222.27133108461055,221.26417635971097,1.0071547248995785,2.6947702874506545
216.47100932714253,218.80573164190093,215.26372979848315,217.7481231689453,36311800,0.0,0.0,218.95339660644532,36.04276723490371,221.57545294373898,221.0037279752098,0.5717249685291677,2.2701612236663573
218.6959746261333,219.8334045947242,215.63288672795753,218.30685424804688,41643800,0.0,0.0,217.71419677734374,28.9363660650515,221.0725916059402,220.80395955097552,0.2686320549646837,1.8698553899260226
220.94091084366266,223.3155515626994,220.13273889458495,221.5794677734375,50036300,0.0,0.0,218.42060241699218,41.29397852633376,221.15057255478595,220.8614046044912,0.28916795029473974,1.5537179019997662
223.86429233538576,223.9740450176905,216.53086747941563,217.8678436279297,62501000,0.0,0.0,218.59420776367188,31.13381098775733,220.6455373352696,220.63965934696813,0.005877988301477899,1.2441499192601086
218.65606496292435,225.09153987705304,217.2193232804361,219.36447143554688,105568600,0.0,0.0,218.97335205078124,25.701857734683074,220.4484502737738,220.54520098315913,-0.09675070938533281,0.9759697935310204
198.64127617987643,213.0188017705649,195.55824424838744,208.79833984375,119548600,0.0,0.0,217.1833953857422,18.134182544229944,218.65612559223166,219.67506312098067,-1.0189375287490066,0.5769883290750151
204.83729660703725,209.51672869129231,200.6168344706096,206.762939453125,69660500,0.0,0.0,214.8746124267578,20.088404327248142,216.8264046477537,218.7186095159543,-1.892204868200622,0.08314968961988767
206.43367474426563,213.15848935419993,205.9248296826355,209.34710693359375,63516400,0.0,0.0,212.42814025878906,28.931925646340403,215.67574346095986,218.02442413948316,-2.3486806785232943,-0.40321638400874876
212.6296774525561,213.71721707569145,208.35932525259923,212.8292236328125,47161100,0.0,0.0,211.42041625976563,35.30981747330111,215.23781733355258,217.63959447232236,-2.4017771387697735,-0.8029285349609538
211.62197118803232,216.29141600978787,211.4922593126285,215.7526397705078,42201600,0.0,0.0,210.69804992675782,40.354832681720204,215.31702078539183,217.4998200499657,-2.182799264573873,-1.0789026808835378
215.83255236617862,219.26875909808805,215.36306766380915,217.2909393310547,38028100,0.25,0.0,212.39656982421874,41.07888422632575,215.62070056164765,217.48434740412043,-1.8636468424727752,-1.2358515132013852
218.76929897291208,221.646138683676,218.76929897291208,221.02682495117188,44155300,0.0,0.0,215.2493469238281,53.95134065548014,216.45241200618983,217.74675314834647,-1.2943411421566395,-1.2475494389924362
220.3276035510778,222.7848915052682,219.45854930599305,221.47633361816406,41960600,0.0,0.0,217.6751922607422,56.0325814051903,217.22532302341665,218.02301836833297,-0.7976953449163204,-1.1575786201772131
224.35317447515422,225.10235023777113,222.5151850202656,224.47303771972656,46414000,0.0,0.0,220.003955078125,58.83696906436124,218.3403560536182,218.5007975795473,-0.16044152592911587,-0.9581512013275937
223.67391069385005,226.5807162697698,223.40420315535758,225.80157470703125,44340200,0.0,0.0,222.01374206542968,59.89859673089423,219.48823584645098,219.04159588528685,0.44663996116412363,-0.6771929688292503
225.4719428035102,225.74165035068273,222.79488010428776,225.64175415039062,40687800,0.0,0.0,223.68390502929688,59.10469777403682,220.434930970134,219.53049649751676,0.9044344726172255,-0.3608674805399552
225.52188562847152,226.92034094772856,225.20222998863,226.2610626220703,30299000,0.0,0.0,224.73075256347656,56.22096717747537,221.33125891658574,220.0290569511874,1.302201965398325,-0.028253591352299212
226.2710625686077,227.7294495174454,224.80267685471037,226.15118408203125,34765500,0.0,0.0,225.66572265625,62.17214557505555,222.07278586511583,220.48254784976842,1.5902380153474098,0.2954447299876426
227.53966079897057,228.08905941841815,223.65393636981634,224.2832489013672,43695300,0.0,0.0,225.6277648925781,57.14998653653611,222.41285710146218,220.76408126099795,1.648775840464225,0.566110952082959
225.41200238324527,227.96918649391685,224.0834622297127,226.5906982421875,38677300,0.0,0.0,225.78558959960938,84.03486732111,223.055601892343,221.19568251886383,1.8599193734791584,0.824872636362199
226.5107917661563,227.03022456881217,223.64395069142014,226.93032836914062,30602200,0.0,0.0,226.04330444335938,91.25449317486894,223.65171365800416,221.62047110036582,2.031242557638336,1.0661466206174266
225.75162066501636,228.5984945445466,224.64283997153836,227.77938842773438,35934600,0.0,0.0,226.3469696044922,90.58623993893139,224.28674054565494,222.07668719868943,2.210053346965509,1.2949279658870432
227.6695099550691,229.6073802985885,225.4319662685897,226.2410888671875,38052200,0.0,0.0,226.36495056152344,82.29637294124217,224.5874095181984,222.38516139635595,2.2022481218424446,1.4763919970781236
229.8471324488683,232.66402541964027,228.62847197635801,229.53746032714844,51906300,0.0,0.0,227.4157928466797,82.60875214948737,225.34895579649842,222.91496131715542,2.4339944793429993,1.6679124935310987
229.93703146120657,230.14679214282077,227.23000295250677,228.7483367919922,52990800,0.0,0.0,227.84732055664062,78.09905726748276,225.87193748811285,223.34706320418036,2.5248742839324905,1.8393048516113772
228.29882348382426,228.74832587928796,220.92692932694945,222.52517700195312,50190600,0.0,0.0,226.96629028320314,53.27511703517125,225.35705125947288,223.28618274475613,2.07086851471675,1.885617584232452
221.4164072047842,221.53627045160738,217.24099295020864,220.6072998046875,43840200,0.0,0.0,225.53187255859376,48.215034540944856,224.626320266429,223.08774697141772,1.5385732950112754,1.8162087263882167
221.38642912323468,225.23218875186365,221.2765494057299,222.13560485839844,36615400,0.0,0.0,224.71077575683594,44.89080260419446,224.24313328057812,223.01721792600887,1.2259153545692527,1.698150052024424
223.7038813850335,224.99247224215048,219.5284824188554,220.57733154296875,48423000,0.0,0.0,222.91875,38.69431294644744,223.67916378248438,222.83648560133923,0.8426781811451463,1.5270556778485687
220.57732363843863,221.0268260349447,216.47183996524672,220.66722106933594,67180000,0.0,0.0,221.30252685546876,39.20202332681723,223.21578798046156,222.67579933970939,0.5399886407521706,1.3296422704292892
218.67940838073807,221.23659254048482,216.49181271910507,219.86810302734375,51591000,0.0,0.0,220.77111206054687,36.23059899025685,222.70075952613573,222.46782183508972,0.23293769104600415,1.1103013545526323
221.21662032032157,222.84481857216005,217.65053646391294,222.41529846191406,44587100,0.0,0.0,221.1327117919922,42.718051000857166,222.6568424393324,222.46393121485448,0.19291122447791054,0.9268233285376881
222.25546946786713,223.30431855196207,219.57842214055833,222.52517700195312,37498200,0.0,0.0,221.21062622070312,46.321044924525495,222.63658621819712,222.46846793982476,0.16811827837236137,0.7750823185046227
223.33429284055268,223.7937787761964,221.66612995902517,222.25547790527344,36766600,0.0,0.0,221.54625549316407,40.08225660402123,222.57795417005502,222.4526909002284,0.1252632698266325,0.6451185087690248
216.302019591785,216.98128020943747,213.6849038037586,216.082275390625,59357400,0.0,0.0,220.62926635742187,30.411218434788736,221.57861897321965,221.98080826988738,-0.4021892966677285,0.4356569476816741
215.51289221314667,216.6616222741377,214.26426595466958,216.55174255371094,45519300,0.0,0.0,219.96599426269532,29.443970456687666,220.8052533702183,221.5786552538743,-0.7734018836559926,0.19384518141414078
217.31091546092293,222.46524827574677,217.30091669603667,220.4474639892578,59894900,0.0,0.0,219.57242736816406,40.235666250916154,220.75020885007052,221.49486330834716,-0.7446544582766421,0.006145253475984186
224.74274368478322,229.56743739121873,224.38313871157,228.61846923828125,66781300,0.0,0.0,220.79108581542968,48.66974505453146,221.9607104482568,222.02253782167563,-0.06182737341882216,-0.007449271902977084
229.7172625160979,232.83382873595048,227.36983908638868,227.94920349121094,318679900,0.0,0.0,221.9298309326172,48.839213363807715,222.88201707024973,222.46155009349303,0.42046697675669975,0.07813397782895828
227.09015412184934,229.19783588273827,225.56183678133013,226.2211151123047,54146000,0.0,0.0,223.9575988769531,56.17492524072106,223.3957244613351,222.7400363911828,0.6556880701523085,0.19364479629362835
228.39870925768025,229.09795215651428,225.48192014495527,227.1201171875,43556100,0.0,0.0,226.07127380371094,61.264688401612645,223.96870795766816,223.06448682053963,0.9042211371285305,0.3357600644606088
224.6827959331431,227.04020291666632,223.77380760174057,226.1212158203125,42308700,0.0,0.0,227.20602416992188,57.02218539681379,224.2998630134596,223.29091119089315,1.008951822566445,0.470398416081776
227.05019905798116,228.24887720276465,225.16227678839184,227.26995849609375,36636700,0.0,0.0,226.9363220214844,61.96429000080742,224.7568007800187,223.58565543572283,1.1711453442958657,0.610547801724594
228.20893469195548,229.26776733886913,227.05020584581527,227.53965759277344,34026000,0.0,0.0,226.8544128417969,62.20725379613307,225.18493259736556,223.87854448439325,1.3063881129723143,0.7497158639741381
229.78718847660608,232.7439422607422,229.39761768078608,232.7439422607422,54541900,0.0,0.0,228.1589782714844,69.77603143050122,226.34785716096195,224.53524061597466,1.8126165449872929,0.9622960001767691
229.2677705196639,229.3976172900359,223.49412373913023,225.96141052246094,63285000,0.0,0.0,227.92723693847657,54.81946350033762,226.28840383196177,224.64088283126995,1.6475210006918246,1.0993410002797803
225.64175566026316,227.12012493395358,222.77491454853467,226.53077697753906,32880600,0.0,0.0,228.00914916992187,55.37679183040446,226.32569200820444,224.78087499025287,1.5448170179515728,1.188436203814139
224.8925655126969,226.56072831643584,223.0745736591087,225.42198181152344,34044200,0.0,0.0,227.63955383300782,54.15681812718838,226.18665967025353,224.82836438442106,1.3582952858324688,1.222408020217805
227.6495326914976,227.74942888869526,223.88368688105714,226.55075073242188,37245100,0.0,0.0,227.4417724609375,65.8403785092734,226.24267367981787,224.95594855834705,1.2867251214708233,1.2352714404684086
224.25327473060864,225.44196936055414,221.08676038639473,221.4463653564453,39505400,0.0,0.0,225.18225708007813,56.49523630564427,225.5047800916067,224.69597943228024,0.8088006593264652,1.14997728424002
224.05349542674807,225.73164177618557,223.0046463373399,225.52188110351562,31855700,0.0,0.0,225.09435119628907,56.701846168107906,225.50741101651576,224.75715733385323,0.7502536826625317,1.0700325639245225
224.9824739985636,229.49751090746852,224.58291968465133,229.28773498535156,33591100,0.0,0.0,225.64574279785157,51.000301497590065,226.08899931941357,225.09275567840868,0.9962436410048952,1.0552747793405972
227.5296744960524,229.24778548023318,226.9203442604764,228.7882843017578,28183500,0.0,0.0,226.31900329589843,51.260509980470005,226.5042739320819,225.3664985393975,1.1377753926844036,1.0717749020093585
229.04800351672907,229.15788323697032,227.09015084025384,227.2999267578125,31759200,0.0,0.0,226.46883850097657,51.63240360758404,226.6266820591174,225.50971544446526,1.1169666146521422,1.0808132445379153
228.44865815944695,231.47532700331138,228.34877720356226,231.04580688476562,39882100,0.0,0.0,228.38872680664062,55.468976524176895,227.30654741690944,225.9197962918949,1.3867511250145412,1.1420008206332406
233.3532605949055,237.22900130875718,232.11461788171079,233.59300231933594,64751400,0.0,0.0,230.0029510498047,59.978659849991296,228.27369432497505,226.4881819235572,1.7855124014178614,1.2707031367901647
231.34547369396782,231.86489123072647,229.5873982094942,231.5252685546875,34082200,0.0,0.0,230.45045776367186,55.5468613877377,228.7739365141616,226.86129945178905,1.9126370623725393,1.3990899219066397
233.17345903647427,233.59301088010824,230.26666863657624,231.89486694335938,32993800,0.0,0.0,231.0717742919922,55.66233462216782,229.25407965711508,227.23415630301648,2.0199233540986086,1.5232566083450334
235.9204255737285,235.9204255737285,233.75281228137578,234.74172973632812,46431500,0.0,0.0,232.5601348876953,52.76699597484053,230.09833351545555,227.79027285363216,2.30806066182339,1.6802174190407049
234.19234018879644,236.5897117727769,234.19234018879644,236.22010803222656,36254500,0.0,0.0,233.5949951171875,66.65581571416112,231.04014497957417,228.41470508908358,2.6254398904905827,1.8692619133306805
233.6329632952546,235.96040454410334,232.3443876620224,235.60079956054688,38846600,0.0,0.0,233.99655456542968,64.70206462534051,231.74178414587766,228.94700838326605,2.794775762611607,2.054364683186866
233.822752128634,234.88158476901867,227.50969037853835,230.5063934326172,52287000,0.0,0.0,233.79277954101562,57.29854165845281,231.5517240361453,229.0625183869217,2.489205649223578,2.141332876394208
229.7272566761152,230.56634513279107,228.15898997077215,230.31661987304688,31109500,0.0,0.0,233.4771301269531,55.555575564831855,231.36170801105322,229.15541479330136,2.2062932177518633,2.1543249446657393
229.4875225740561,232.96369380669327,229.3177112321018,231.1556854248047,38802300,0.0,0.0,232.75992126464843,66.38572149603948,231.33001222855344,229.30358298822753,2.0264292403259105,2.1287458037977736
233.06359498314518,234.472033847566,232.29443692443334,233.14349365234375,36087100,0.0,0.0,232.14459838867188,63.83751468274196,231.60900937067504,229.5880208151991,2.0209885554759524,2.1071943541334095
232.84382710997653,234.07247106119948,232.06468555632105,233.41319274902344,35417200,0.0,0.0,231.7070770263672,58.579147511353575,231.8865760442671,229.87136688437124,2.0152091598958464,2.088797315285897
232.35435817157438,233.21341362628857,229.29772360355057,229.8471221923828,47070900,0.0,0.0,231.57522277832032,51.952844896971335,231.57281391320797,229.869570981261,1.70324293194696,2.01168643861811
229.08795100904055,229.57741798472995,225.1223128313268,225.66172790527344,64370100,0.0,0.0,230.6442443847656,47.25200581742083,230.66341606583342,229.55787890155824,1.1055371642751766,1.8304565837495232
220.72715344034327,225.10234466312102,220.02792579428782,222.66502380371094,65276700,0.0,0.0,228.94611206054688,35.579214900661384,229.432894179353,229.04729704245844,0.38559713689457453,1.5414846943785336
220.74713841963055,222.54514803369162,219.46854635353304,221.76600646972656,44944500,0.0,0.0,226.67061462402344,28.425623354283445,228.25337299325662,228.50794218521904,-0.25456919196241756,1.1822739171103436
221.5562414690178,223.70387248945224,220.896963160989,223.2044219970703,28111300,0.0,0.0,224.6288604736328,34.46473023844402,227.47661130153566,228.11508883794878,-0.6384775364131201,0.8181236264056508
222.36535526416637,225.82155947797517,220.94691765378838,222.47523498535156,54561100,0.0,0.0,223.15448303222655,32.64627782934613,226.7071687913535,227.69732188590453,-0.9901530945510331,0.45646828221431407
224.38313701629485,227.629565273657,224.32320539488208,227.22999572753906,42137700,0.0,0.0,223.4681365966797,37.07013067785758,226.78760370461282,227.662705133433,-0.8751014288201873,0.1901543400074138
227.1699981689453,228.66000366210938,226.41000366210938,226.9600067138672,38328800,0.25,0.0,224.32713317871094,33.36883172119863,226.8141272444981,227.61065339865036,-0.7965261541522466,-0.007181758824518297
225.0,225.6999969482422,221.5,224.22999572753906,42005600,0.0,0.0,224.81993103027344,31.0172134726361,226.41656854958134,227.36023431190137,-0.9436657623200233,-0.1944785595236193
224.5500030517578,225.58999633789062,223.36000061035156,224.22999572753906,40398300,0.0,0.0,225.0250457763672,37.3744287752401,226.0801727308056,227.1283647871338,-1.0481920563281903,-0.36522125888453355
224.00999450683594,226.64999389648438,222.75999450683594,225.1199951171875,48566200,0.0,0.0,225.5539978027344,39.832915981529055,225.93245309794128,226.97959666343405,-1.0471435654927745,-0.5016057202061818
225.02000427246094,228.8699951171875,225.0,228.22000122070312,44923900,0.0,0.0,225.7519989013672,44.72323107987356,226.2843835783662,227.07147848249102,-0.7870949041248139,-0.5587035569899083
226.39999389648438,226.9199981689453,224.27000427246094,225.0,47923700,0.0,0.0,225.35999755859376,35.98330052128091,226.0867861047714,226.9180356319361,-0.8312495271647151,-0.6132127510248697
225.25,229.74000549316406,225.1699981689453,228.02000427246094,44686000,0.0,0.0,226.1179992675781,41.520026717645166,226.38420428441594,226.99966293864165,-0.615458654225705,-0.6136619316650368
226.97999572753906,230.16000366210938,226.66000366210938,228.27999877929688,36211800,0.0,0.0,226.9279998779297,47.25003199723244,226.6758649759361,227.09450263054202,-0.4186376546059307,-0.5746570762532156
228.05999755859375,229.92999267578125,225.88999938964844,229.0,35169600,0.0,0.0,227.7040008544922,56.669050462706394,227.03342421040745,227.2356505838352,-0.20222637342774874,-0.5001709356881222
228.8800048828125,230.16000366210938,225.7100067138672,228.52000427246094,42108300,0.0,0.0,227.76400146484374,63.00448856033935,227.26212883533876,227.3307878941038,-0.06865905876503575,-0.41386856030350494
228.05999755859375,230.72000122070312,228.05999755859375,229.8699951171875,38168300,0.0,0.0,228.73800048828124,67.64624772653421,227.66333903254628,227.51887731803592,0.1444617145103564,-0.30220250534073273
231.4600067138672,233.25,229.74000549316406,232.8699951171875,90152800,0.0,0.0,229.70799865722657,69.7064026217007,228.464363045568,227.91525641426938,0.5491066312986277,-0.13194067801286066
233.3300018310547,235.57000732421875,233.3300018310547,235.05999755859375,45986200,0.0,0.0,231.06399841308593,74.21566387952109,229.479076047572,228.44449649903413,1.034579548537863,0.10136336729728408
234.47000122070312,235.69000244140625,233.80999755859375,234.92999267578125,33498400,0.0,0.0,232.2499969482422,68.02433691062393,230.31767860575803,228.9249036232376,1.3927749825204216,0.35964569034191163
234.80999755859375,237.80999755859375,233.97000122070312,237.3300018310547,28481400,0.0,0.0,234.01199645996093,72.07319275425772,231.39649756349598,229.5475034904833,1.8489940730126762,0.6575153668760646
237.27000427246094,240.7899932861328,237.16000366210938,239.58999633789062,48137100,0.0,0.0,235.95599670410155,83.36228879142061,232.6570358364798,230.29139184955054,2.365643986929257,0.9991410908867031
239.80999755859375,242.75999450683594,238.89999389648438,242.64999389648438,38861000,0.0,0.0,237.91199645996093,85.31441118806164,234.1944139995574,231.2068438530271,2.9875701465303166,1.3968269020154258
242.8699951171875,244.11000061035156,241.25,243.00999450683594,44383900,0.0,0.0,239.5019958496094,85.00977935972816,235.55065715452332,232.0811513088648,3.4695058456585173,1.811362690744044
243.99000549316406,244.5399932861328,242.1300048828125,243.0399932861328,40033900,0.0,0.0,241.12399597167968,82.96262206863877,236.7028627132325,232.89291738125502,3.809945331977474,2.2110792189907302
242.91000366210938,244.6300048828125,242.0800018310547,242.83999633789062,36870600,0.0,0.0,242.2259948730469,95.8376263398493,237.64703711702606,233.6297380447095,4.017299072316547,2.5723231896558936
241.8300018310547,247.24000549316406,241.75,246.75,44649200,0.0,0.0,243.65799560546876,96.01966622602363,239.04749294517592,234.60160930065695,4.445883644518972,2.9470352806285094
246.88999938964844,248.2100067138672,245.33999633789062,247.77000427246094,36914800,0.0,0.0,244.68199768066407,96.16296762115414,240.3894177647582,235.57704596523502,4.812371799523191,3.320102584407446
247.9600067138672,250.8000030517578,246.25999450683594,246.49000549316406,45147600,0.0,0.0,245.37799987792968,90.35534603373551,241.3279697229745,236.3854133376742,4.942556385300293,3.6445933445860152
