Open,High,Low,Close,Volume,Dividends,Stock Splits,Moving_Average,RSI,EMA_12,EMA_26,MACD,Signal_Line
222.25546946786713,223.30431855196207,219.57842214055833,222.52517700195312,37498200,0.0,0.0,,,222.52517700195312,222.52517700195312,0.0,0.0
223.33429284055268,223.7937787761964,221.66612995902517,222.25547790527344,36766600,0.0,0.0,,,222.48368483323318,222.50519929108796,-0.021514457854777902,-0.00430289157095558
216.302019591785,216.98128020943747,213.6849038037586,216.082275390625,59357400,0.0,0.0,,,221.49885261129344,222.02942715031293,-0.5305745390194829,-0.10955722106066106
215.51289221314667,216.6616222741377,214.26426595466958,216.55174255371094,45519300,0.0,0.0,,,220.73775875628075,221.6236727357498,-0.885913979469052,-0.2648285727423393
217.31091546092293,222.46524827574677,217.30091669603667,220.4474639892578,59894900,0.0,0.0,219.57242736816406,,220.69309802289263,221.5365461619356,-0.8434481390429767,-0.38055248600246677
224.74274368478322,229.56743739121873,224.38313871157,228.61846923828125,66781300,0.0,0.0,220.79108581542968,,221.9123859021832,222.06113305647975,-0.14874715429655794,-0.334191419661285
229.7172625160979,232.83382873595048,227.36983908638868,227.94920349121094,318679900,0.0,0.0,221.9298309326172,,222.84112706972593,222.4972864220154,0.3438406477105218,-0.19858500618692365
227.09015412184934,229.19783588273827,225.56183678133013,226.2211151123047,54146000,0.0,0.0,223.9575988769531,,223.36112523012267,222.77312558425908,0.5879996458635901,-0.0412680757768209
228.39870925768025,229.09795215651428,225.48192014495527,227.1201171875,43556100,0.0,0.0,226.07127380371094,,223.93943168510378,223.09512496227694,0.8443067228268433,0.13584688394391195
224.6827959331431,227.04020291666632,223.77380760174057,226.1212158203125,42308700,0.0,0.0,227.20602416992188,,224.27509078282822,223.31927984064993,0.9558109421782888,0.2998396955907873
227.05019905798116,228.24887720276465,225.16227678839184,227.26995849609375,36636700,0.0,0.0,226.9363220214844,,224.73583966179214,223.61192270401614,1.1239169577760038,0.46465514802783064
228.20893469195548,229.26776733886913,227.05020584581527,227.53965759277344,34026000,0.0,0.0,226.8544128417969,,225.16719626655848,223.90286602910928,1.264330237449201,0.6245901659121047
229.78718847660608,232.7439422607422,229.39761768078608,232.7439422607422,54541900,0.0,0.0,228.1589782714844,,226.33284949643289,224.55776056478578,1.7750889316471046,0.8546899190591047
229.2677705196639,229.3976172900359,223.49412373913023,225.96141052246094,63285000,0.0,0.0,227.92723693847657,54.68411933431372,226.27570503889876,224.66173463572466,1.6139704031741076,1.0065460158821053
225.64175566026316,227.12012493395358,222.77491454853467,226.53077697753906,32880600,0.0,0.0,228.00914916992187,55.37679183040446,226.31494687561266,224.8001822165998,1.5147646590128545,1.1081897445082554
224.8925655126969,226.56072831643584,223.0745736591087,225.42198181152344,34044200,0.0,0.0,227.63955383300782,54.15681812718838,226.17756763498355,224.8462414458534,1.3313261891301522,1.1528170334326349
227.6495326914976,227.74942888869526,223.88368688105714,226.55075073242188,37245100,0.0,0.0,227.4417724609375,65.8403785092734,226.23498041920482,224.9725013930066,1.262479026198207,1.1747494319857492
224.25327473060864,225.44196936055414,221.08676038639473,221.4463653564453,39505400,0.0,0.0,225.18225708007813,56.49523630564427,225.49827040954952,224.7113061310391,0.7869642785104247,1.0971924012906844
224.05349542674807,225.73164177618557,223.0046463373399,225.52188110351562,31855700,0.0,0.0,225.09435119628907,56.701846168107906,225.50190282400584,224.77134872159291,0.7305541024129241,1.0238647415151323
224.9824739985636,229.49751090746852,224.58291968465133,229.28773498535156,33591100,0.0,0.0,225.64574279785157,51.000301497590065,226.08433854113596,225.1058958522417,0.9784426888942619,1.0147803309909582
227.5296744960524,229.24778548023318,226.9203442604764,228.7882843017578,28183500,0.0,0.0,226.31900329589843,51.260509980470005,226.50033019661623,225.37866536702066,1.1216648295955736,1.0361572307118814
229.04800351672907,229.15788323697032,227.09015084025384,227.2999267578125,31759200,0.0,0.0,226.46883850097657,51.63240360758404,226.6233450521849,225.52098102559782,1.1023640265870824,1.0493985898869216
228.44865815944695,231.47532700331138,228.34877720356226,231.04580688476562,39882100,0.0,0.0,228.38872680664062,55.468976524176895,227.30372379565887,225.93022738553617,1.3734964101226979,1.114218153934077
233.3532605949055,237.22900130875718,232.11461788171079,233.59300231933594,64751400,0.0,0.0,230.0029510498047,59.978659849991296,228.2713051069938,226.4978403435954,1.7734647633983798,1.2460674758269377
231.34547369396782,231.86489123072647,229.5873982094942,231.5252685546875,34082200,0.0,0.0,230.45045776367186,55.5468613877377,228.77191486817745,226.87024243330595,1.9016724348715002,1.3771884676358503
233.17345903647427,233.59301088010824,230.26666863657624,231.89486694335938,32993800,0.0,0.0,231.0717742919922,55.66233462216782,229.25236903359007,227.24243684145804,2.009932192132027,1.5037372125350856
235.9204255737285,235.9204255737285,233.75281228137578,234.74172973632812,46431500,0.0,0.0,232.5601348876953,52.76699597484053,230.09688606478053,227.79794001885583,2.2989460459247084,1.66277897921301
234.19234018879644,236.5897117727769,234.19234018879644,236.22010803222656,36254500,0.0,0.0,233.5949951171875,66.65581571416112,231.03892021361838,228.42180431614253,2.6171158974758555,1.8536463628655793
233.6329632952546,235.96040454410334,232.3443876620224,235.60079956054688,38846600,0.0,0.0,233.99655456542968,64.70206462534051,231.74074780545354,228.95358174165395,2.7871660637995888,2.0403503030523815
233.822752128634,234.88158476901867,227.50969037853835,230.5063934326172,52287000,0.0,0.0,233.79277954101562,57.29854165845281,231.5508471327095,229.06860482987346,2.4822423028360276,2.128728703009111
229.7272566761152,230.56634513279107,228.15898997077215,230.31661987304688,31109500,0.0,0.0,233.4771301269531,55.555575564831855,231.36096601583833,229.16105038862705,2.1999156272112828,2.142966087849546
229.4875225740561,232.96369380669327,229.3177112321018,231.1556854248047,38802300,0.0,0.0,232.75992126464843,66.38572149603948,231.32938438644854,229.30880113204762,2.0205832544009183,2.1184895211598205
233.06359498314518,234.472033847566,232.29443692443334,233.14349365234375,36087100,0.0,0.0,232.14459838867188,63.83751468274196,231.60847811966318,229.5928524298473,2.015625689815863,2.0979167548910294
232.84382710997653,234.07247106119948,232.06468555632105,233.41319274902344,35417200,0.0,0.0,231.7070770263672,58.579147511353575,231.88612652418013,229.87584060163812,2.0102859225420104,2.0803905884212255
232.35435817157438,233.21341362628857,229.29772360355057,229.8471221923828,47070900,0.0,0.0,231.57522277832032,51.952844896971335,231.57243355005747,229.87371331206367,1.698720237993797,2.00405651833574
229.08795100904055,229.57741798472995,225.1223128313268,225.66172790527344,64370100,0.0,0.0,230.6442443847656,47.25200581742083,230.6630942200907,229.56171439304217,1.1013798270485324,1.8235211800782984
220.72715344034327,225.10234466312102,220.02792579428782,222.66502380371094,65276700,0.0,0.0,228.94611206054688,35.579214900661384,229.43262184833995,229.05084842346207,0.3817734248778777,1.5351716290382145
220.74713841963055,222.54514803369162,219.46854635353304,221.76600646972656,44944500,0.0,0.0,226.67061462402344,28.425623354283445,228.2531425593225,228.51123050096314,-0.258087941640639,1.1765197149024438
221.5562414690178,223.70387248945224,220.896963160989,223.2044219970703,28111300,0.0,0.0,224.6288604736328,34.46473023844402,227.476416318976,228.11813357474887,-0.6417172557728748,0.81287232076738
222.36535526416637,225.82155947797517,220.94691765378838,222.47523498535156,54561100,0.0,0.0,223.15448303222655,32.64627782934613,226.7070038061107,227.70014108664535,-0.9931372805346541,0.4516704005069732
224.38313701629485,227.629565273657,224.32320539488208,227.22999572753906,42137700,0.0,0.0,223.4681365966797,37.07013067785758,226.78746410171505,227.6653155044893,-0.8778514027742688,0.18576603985072485
227.1699981689453,228.66000366210938,226.41000366210938,226.9600067138672,38328800,0.25,0.0,224.32713317871094,33.36883172119863,226.8140091189692,227.6130704088877,-0.7990612899184839,-0.011199426103116916
225.0,225.6999969482422,221.5,224.22999572753906,42005600,0.0,0.0,224.81993103027344,31.0172134726361,226.41646859721072,227.36247228434334,-0.9460036871326167,-0.1981602783090169
224.5500030517578,225.58999633789062,223.36000061035156,224.22999572753906,40398300,0.0,0.0,225.0250457763672,37.3744287752401,226.0800881557228,227.1304369838393,-1.0503488281165119,-0.36859798827051593
224.00999450683594,226.64999389648438,222.75999450683594,225.1199951171875,48566200,0.0,0.0,225.5539978027344,39.832915981529055,225.93238153440967,226.9815153640873,-1.0491338296776291,-0.5047051565519386
225.02000427246094,228.8699951171875,225.0,228.22000122070312,44923900,0.0,0.0,225.7519989013672,44.72323107987356,226.28432302460868,227.07325505716994,-0.788932032561263,-0.5615505317538035
226.39999389648438,226.9199981689453,224.27000427246094,225.0,47923700,0.0,0.0,225.35999755859376,35.98330052128091,226.08673486697657,226.9196806084907,-0.8329457415141235,-0.6158295737058676
225.25,229.74000549316406,225.1699981689453,228.02000427246094,44686000,0.0,0.0,226.1179992675781,41.520026717645166,226.38416092935876,227.0011860650811,-0.6170251357223435,-0.6160686861091628
226.97999572753906,230.16000366210938,226.66000366210938,228.27999877929688,36211800,0.0,0.0,226.9279998779297,47.25003199723244,226.6758282908877,227.0959129328008,-0.4200846419130926,-0.5768718772699487
228.05999755859375,229.92999267578125,225.88999938964844,229.0,35169600,0.0,0.0,227.7040008544922,56.669050462706394,227.03339316921264,227.23695641926,-0.20356325004735254,-0.5022101518254295
228.8800048828125,230.16000366210938,225.7100067138672,228.52000427246094,42108300,0.0,0.0,227.76400146484374,63.00448856033935,227.26210256971237,227.3319970009786,-0.06989443126622064,-0.41574700771358775
228.05999755859375,230.72000122070312,228.05999755859375,229.8699951171875,38168300,0.0,0.0,228.73800048828124,67.64624772653421,227.66331680778546,227.5199968614385,0.14331994634696343,-0.3039336169014775
231.4600067138672,233.25,229.74000549316406,232.8699951171875,90152800,0.0,0.0,229.70799865722657,69.7064026217007,228.46434424000117,227.91629302853102,0.5480512114701526,-0.1335366512271515
233.3300018310547,235.57000732421875,233.3300018310547,235.05999755859375,45986200,0.0,0.0,231.06399841308593,74.21566387952109,229.47906013516928,228.44545632705416,1.0336038081151173,0.09989144064130226
234.47000122070312,235.69000244140625,233.80999755859375,234.92999267578125,33498400,0.0,0.0,232.2499969482422,68.02433691062393,230.31766514141728,228.9257923528858,1.3918727885314865,0.35828771021933914
234.80999755859375,237.80999755859375,233.97000122070312,237.3300018310547,28481400,0.0,0.0,234.01199645996093,72.07319275425772,231.39648617059228,229.5483263883057,1.8481597822865865,0.6562621246327887
237.27000427246094,240.7899932861328,237.16000366210938,239.58999633789062,48137100,0.0,0.0,235.95599670410155,83.36228879142061,232.6570261963305,230.29215379197868,2.3648724043518143,0.9979841805765938
239.80999755859375,242.75999450683594,238.89999389648438,242.64999389648438,38861000,0.0,0.0,237.91199645996093,85.31441118806164,234.194405842508,231.20754935527538,2.9868564872326147,1.3957586419077979
242.8699951171875,244.11000061035156,241.25,243.00999450683594,44383900,0.0,0.0,239.5019958496094,85.00977935972816,235.55065025240458,232.08180455168727,3.46884570071731,1.8103760536697004
243.99000549316406,244.5399932861328,242.1300048828125,243.0399932861328,40033900,0.0,0.0,241.12399597167968,82.96262206863877,236.70285687297815,232.89352223572027,3.8093346372578765,2.210167770387336
242.91000366210938,244.6300048828125,242.0800018310547,242.83999633789062,36870600,0.0,0.0,242.2259948730469,95.8376263398493,237.6470321752724,233.6302980951403,4.016734080132096,2.5714810323362878
241.8300018310547,247.24000549316406,241.75,246.75,44649200,0.0,0.0,243.65799560546876,96.01966622602363,239.047488763692,234.60212786587064,4.4453608978213595,2.9462570054333024
246.88999938964844,248.2100067138672,245.33999633789062,247.77000427246094,36914800,0.0,0.0,244.68199768066407,96.16296762115414,240.38941422657953,235.57752611821067,4.811888108368862,3.3193832260204146
247.9600067138672,250.8000030517578,246.25999450683594,246.49000549316406,45147600,0.0,0.0,245.37799987792968,90.35534603373551,241.327966729131,236.38585792376279,4.942108805368207,3.643928341889973
